tree
version=v4
num_class=1
num_tree_per_iteration=1
label_index=0
max_feature_idx=23
objective=regression
feature_names=query_template estimated_rows actual_rows startup_cost total_cost actual_startup_time actual_total_time plan_width loops base_cardinality output_cardinality input_cardinality filter_selectivity join_ratio cost_per_row time_per_loop node_type node_depth parallel_awareness subtree_cardinality num_children cost_to_row_ratio estimated_actual_ratio time_cost_ratio
feature_infos=[0:21] [-0.98861955444551641:6.309827153863635] [-0.98745198135632561:6.421401588179501] [-0.99680183800944999:7.6274457459644447] [-0.95591349927805169:6.5220767043977537] [-0.99035047316318114:5.8362036013576537] [-0.98487573225609781:6.3021700766628443] [-1.7594846750444373:1.6833176820756737] [-1.6569292789755632:1.6519659361528702] [-1.0002052206910261:10.310946790626156] [-1.0333430856389505:5.3158440434680898] [-1.0502386029977562:7.3610692299265894] [-1.71447342467858:1.7027114280282709] [-1.7250754557258425:1.7515049139062027] [-0.99783946430097981:5.9030809169594711] [-0.97579705997881927:6.5580636830804311] [0:3] [-1.5879265095894:1.6601333794299058] [-1.0080322575483704:0.99203174552379325] [-0.99088723486320518:5.8861583139317624] [-1.4676183632944779:1.3635721132803529] [-0.11521596668655831:25.824528201814182] [-0.24037220134395343:11.274008764218589] [-0.29646557214023339:21.579762635157675]
tree_sizes=2627 2707 2690 2684

Tree=0
num_leaves=31
num_cat=0
split_feature=10 14 23 20 8 4 4 14 16 10 14 7 15 0 10 13 4 14 3 10 10 23 22 10 3 14 3 17 7 10
split_gain=12003.8 22488.8 24764.4 29773.3 17650.2 16999.7 18937.3 18705 15858.8 19457.1 14520.6 12933.2 18468.9 12256.2 12112.2 10338.1 11626.8 9251.16 14006.4 14699.5 11482.1 10019.3 22961.8 13098 9463.77 8991.89 12615.3 8039.93 7946.49 7067.3
threshold=0.39027186362510785 -0.38907292200128635 -0.21221452330083371 1.0000000180025095e-35 1.0000000180025095e-35 0.15363591281365882 0.3195760880493525 -0.17106925743064663 1.0000000180025095e-35 1.2452955084725745 -0.62081486647854056 0.77779809131179733 -0.32277674984616272 13.500000000000002 -0.43123125193720024 0.41901125151928303 -0.46773511179955274 0.24193767833178959 -0.62719598717524083 -0.91985547665089296 -0.98707196384598894 0.21506792364917751 -0.23103617178225952 -0.33087216123171465 -0.66280193537086229 0.27423594399231987 -0.63155570502350244 -1.2131503685487106 -0.40085376731835715 -0.76490001659395968
decision_type=2 2 2 2 2 2 2 2 2 2 2 2 2 2 2 2 2 2 2 2 2 2 2 2 2 2 2 2 2 2
left_child=5 13 8 4 -4 17 7 -7 9 -3 14 25 -13 15 29 16 -2 18 27 20 -20 22 -21 -23 28 -12 -27 -1 -19 -8
right_child=1 2 3 -5 -6 6 10 -9 -10 -11 11 12 -14 -15 -16 -17 -18 24 19 21 -22 23 -24 -25 -26 26 -28 -29 -30 -31
leaf_value=94.047999908685682 93.130592500704978 97.49195577561855 95.921919289089388 93.911402102672696 100.07281892567873 93.778889313042157 94.993625199049703 98.103817346692082 92.70095939199129 93.182350498979744 91.748525537710918 92.866525579115432 96.816594369411462 92.137573953686456 96.47155243467401 92.5250615463938 95.977564123645422 94.953653989596802 93.644660472869873 95.06680891086225 96.992604215372168 95.956900924046835 92.579314439540028 92.785022859210557 91.906431385278694 91.74837348771095 94.707513007696932 92.079502030278817 92.484783728234461 92.396307429671282
leaf_weight=25 26 20 21 33 20 20 22 20 60 22 65 29 20 71 27 35 32 22 20 46 21 30 192 23 125 25 34 122 32 20
leaf_count=25 26 20 21 33 20 20 22 20 60 22 65 29 20 71 27 35 32 22 20 46 21 30 192 23 125 25 34 122 32 20
internal_value=93.4603 93.9695 94.7546 96.1472 97.9467 93.2761 93.9257 95.9414 93.7442 95.2345 93.5926 93.1034 94.4788 93.127 94.8191 93.8823 94.7013 92.9977 93.2269 93.5868 95.3595 93.337 93.0601 94.5804 92.3843 92.5598 93.4536 92.4143 93.4906 93.7568
internal_weight=1280 340 176 74 41 940 282 40 102 42 242 173 49 164 69 93 58 658 479 332 41 291 238 53 179 124 59 147 54 42
internal_count=1280 340 176 74 41 940 282 40 102 42 242 173 49 164 69 93 58 658 479 332 41 291 238 53 179 124 59 147 54 42
is_linear=0
shrinkage=1


Tree=1
num_leaves=31
num_cat=0
split_feature=10 23 11 23 10 13 15 4 4 11 7 4 17 23 3 12 2 6 21 0 3 1 15 19 4 6 20 23 21 1
split_gain=9723.08 19194.3 22506.5 22439.8 24946.1 34126.1 14784.6 13769.8 15339.2 15281.5 12143.3 15235.8 13566.1 25615.4 25758.7 11409.3 9837.29 14479.9 7763.43 9885.51 18611.2 20280.2 12767.6 12370.7 15517.9 10186.7 7692.51 7471.64 11139.9 7416.35
threshold=0.39027186362510785 -0.22023554066603127 0.84934503543472073 1.0000000180025095e-35 1.0090986534257949 -0.42222843607270555 -0.84070313743678116 0.15363591281365882 0.3195760880493525 -0.054976710953185869 1.0628820929071019 0.83390876381439949 -0.71344884716112511 -0.2774251106851669 -0.0088116156419627226 0.25165207945106643 -0.73670738473699238 -0.84369007830529164 -0.072723823312922861 8.5000000000000018 0.6296534166582507 -0.14202199259242287 -0.1721340200670248 0.26399728350788415 -0.43337474786091967 0.54616639684167667 1.0000000180025095e-35 -0.22061595033484135 -0.033243092087127411 -0.87492864842264817
decision_type=2 2 2 2 2 2 2 2 2 2 2 2 2 2 2 2 2 2 2 2 2 2 2 2 2 2 2 2 2 2
left_child=7 6 3 4 -3 -6 -2 18 9 -9 12 -12 -10 14 -14 -15 -8 -18 19 22 29 -22 25 24 -24 -1 -19 28 -20 -21
right_child=1 2 -4 -5 5 -7 16 8 10 -11 11 -13 13 15 -16 -17 17 26 27 20 21 -23 23 -25 -26 -27 -28 -29 -30 -31
leaf_value=-0.85505434572696692 2.0958856406000752 4.7439263847242632 -1.5229597871502243 -0.086163648750100824 4.5262822604179389 -0.7719720684712934 -1.9961493430910886 4.1875305598974233 -1.4983530204494795 0.27837890982627872 3.4693488795648926 0.028404185272032218 0.11023082680561964 0.26326986025716809 4.3891211112340294 -2.2743049270966473 2.0131369457244874 -1.2828749603208376 -2.0139367086546764 0.51414103590208915 -0.48705397742550549 3.1265981073379518 2.9416348917917774 -0.74729188813103575 -0.037926708315980849 1.4305397670095168 0.57785528518936846 -2.3332136292206616 0.69794362313819658 -1.1804429237936007
leaf_weight=104 24 36 24 42 20 31 37 20 60 20 22 31 34 37 24 34 25 68 28 29 41 25 44 27 29 24 33 38 33 236
leaf_count=104 24 36 24 42 20 31 37 20 60 20 22 31 34 37 24 34 25 68 28 29 41 25 44 27 29 24 33 38 33 236
internal_value=-4.53409e-09 0.45827 1.28893 1.81207 2.72846 1.30577 -0.221359 -0.165757 0.418882 2.23295 0.119035 1.45672 -0.256084 0.321716 1.88081 -0.951907 -0.562548 -0.14157 -0.416317 -0.271764 -0.620782 0.881754 0.234923 1.08155 1.75797 -0.426505 -0.674914 -1.23253 -0.546854 -0.994998
internal_weight=1280 340 153 129 87 51 187 940 282 40 242 53 189 129 58 71 163 126 658 559 331 66 228 100 73 128 101 99 61 265
internal_count=1280 340 153 129 87 51 187 940 282 40 242 53 189 129 58 71 163 126 658 559 331 66 228 100 73 128 101 99 61 265
is_linear=0
shrinkage=0.1


Tree=2
num_leaves=31
num_cat=0
split_feature=10 14 10 19 18 0 4 23 7 23 9 15 20 0 19 19 10 14 3 10 3 3 10 8 12 1 17 3 14 23
split_gain=7875.7 17737.6 20854.9 16430.8 15285.7 11687.6 11153.5 14330 23919.4 17844.5 11091.2 14327 10078.2 9414.5 15161.3 8129.46 8063.98 6763 10423.3 11233.6 9619.97 10503.7 9484.8 9032.13 6357.88 6144.3 6077.96 5215.15 5169.06 7347.97
threshold=0.39027186362510785 -0.38907292200128635 0.56465372621241883 0.83160035350395944 1.0000000180025095e-35 11.500000000000002 0.15363591281365882 -0.24679620506066008 0.84704784262409694 -0.27388539376045234 -0.73970407208562516 0.20177309464327076 1.0096733037084993 11.500000000000002 -0.64452070775795844 0.51698875323885563 2.1561761199697584 0.24193767833178959 -0.62719598717524083 -0.91985547665089296 -0.55760113229150987 -0.20850183105456774 -0.98707196384598894 1.0085696443223418 0.33126240512492139 -0.18004280665893599 -1.2131503685487106 -0.66280193537086229 -0.62081486647854056 -0.17071919190921678
decision_type=2 2 2 2 2 2 2 2 2 2 2 2 2 2 2 2 2 2 2 2 2 2 2 2 2 2 2 2 2 2
left_child=6 12 -3 4 5 -4 17 9 -9 10 -8 15 13 14 -2 -12 25 18 26 22 -21 -22 -20 27 -11 -6 -1 -19 -28 -30
right_child=1 2 3 -5 16 -7 7 8 -10 24 11 -13 -14 -15 -16 -17 -18 23 19 20 21 -23 -24 -25 -26 -27 28 -29 29 -31
leaf_value=0.54071854972839362 2.3756220044124698 3.6668335667362921 0.078769213706254962 3.238863087835766 -2.8465179136821206 2.8763610890933449 2.2506725412426571 0.24797624865093748 4.4734783518882031 -0.34287307659784955 -0.95214617482253494 2.1116916607166156 1.2879318703566829 -1.4886739708897141 -0.94251236766576774 1.3339165407419207 0.66893318494160969 -0.30302014874248973 0.12285606145858766 2.0298159134387972 -1.1112368400330128 0.20348662167954046 3.165711265518552 0.51661808666669662 -2.2222766200701396 -0.48065904560296435 -2.0691759066922324 -1.6384144922380575 0.28345882036747078 -1.6339044390655149
leaf_weight=25 21 27 32 21 21 28 33 37 21 36 70 29 31 72 40 20 24 41 20 20 92 179 21 36 36 23 42 102 39 41
leaf_count=25 21 27 32 21 21 28 33 37 21 36 70 29 31 72 40 20 24 41 20 20 92 179 21 36 36 23 42 102 39 41
internal_value=2.18228e-09 0.412443 1.10967 0.64629 0.220946 1.38431 -0.149182 0.376993 1.7779 0.0142588 0.628548 0.178716 -0.335799 -0.714263 0.199796 -0.444132 -0.805553 -0.374685 -0.178703 0.131698 -0.0866439 -0.24284 1.68139 -0.899128 -1.28257 -1.60982 -0.879746 -1.25554 -1.17082 -0.69919
internal_weight=1280 340 176 149 128 60 940 282 58 224 152 119 164 133 61 90 68 658 479 332 291 271 41 179 72 44 147 143 122 80
internal_count=1280 340 176 149 128 60 940 282 58 224 152 119 164 133 61 90 68 658 479 332 291 271 41 179 72 44 147 143 122 80
is_linear=0
shrinkage=0.1


Tree=3
num_leaves=31
num_cat=0
split_feature=13 13 0 5 1 15 10 21 2 19 7 9 2 22 19 12 1 8 21 1 7 21 0 3 6 3 12 15 4 22
split_gain=7572.07 9674.67 24292.3 18271.2 20072.8 24895.5 19030.8 17277.2 15386.9 27228.2 23007.9 21314 14247.3 29307.7 12787.7 12255.5 10718.4 10566.3 11123.7 14781.3 20741 10516.4 8233.08 7493.25 10651.3 12148.9 7740.92 6899.07 5405.43 6067.1
threshold=-1.2594523750508579 -0.45250840948343707 16.500000000000004 0.056509991165038652 -0.76572124667371366 -0.36443720230592613 1.0859881030995286 -0.084453138517097875 -0.26586071183437116 0.16605134280805461 -0.085890431400487091 -0.77563457191090734 -0.57828137906197152 -0.23580275907441606 -0.25787452933528793 1.0912665435184608 -0.36220564635863284 -0.64587796324187507 -0.084618320092477897 -0.051995358126753516 -0.72741731538498799 -0.097036748365508088 8.5000000000000018 -0.63837944667931668 0.18843016878328198 0.72009143180327806 -0.42344313260344574 -0.5162252971431287 1.0366501511969635 -0.2095911014925522
decision_type=2 2 2 2 2 2 2 2 2 2 2 2 2 2 2 2 2 2 2 2 2 2 2 2 2 2 2 2 2 2
left_child=23 2 8 17 12 15 7 -7 9 11 16 -2 -5 -14 -13 -6 -10 -3 19 21 -21 -19 -12 -1 25 26 -25 -4 29 -20
right_child=1 3 27 4 5 6 -8 -9 10 -11 22 14 13 -15 -16 -17 -18 18 28 20 -22 -23 -24 24 -26 -27 -28 -29 -30 -31
leaf_value=-1.5953316729023772 3.826005942821503 -1.118205017053113 0.2212582941055298 0.012501579523086549 -1.6191604390358316 0.74216108444284223 -1.6577309036254881 3.5825564810723969 0.084476405620574957 4.286267030600345 3.1290033505076456 -0.69065800859377946 0.57454067215323457 5.9881979131698611 2.2847433710098266 0.92513057804107679 -2.8437792081832889 -0.81050142176383366 0.22828299105167391 3.6967776365280152 0.35356443822383882 1.4200663369435531 0.64995619364686918 1.3371662902832033 -1.5785303528492269 2.2257692022965503 -1.0044468164443969 -1.8768982103892737 0.17225140210460216 -1.7466300866433553
leaf_weight=53 20 157 25 20 78 61 20 33 25 33 21 52 20 20 20 25 25 113 20 25 72 26 37 20 39 26 48 42 34 70
leaf_count=53 20 157 25 20 78 61 20 33 25 33 21 52 20 20 20 25 25 113 20 25 72 26 37 20 39 26 48 42 34 70
internal_value=-5.43572e-09 0.100288 0.584081 -0.0825048 0.572852 0.125232 1.14335 1.73932 1.06662 1.82198 0.19236 0.938052 2.19175 3.28137 0.135842 -1.00161 -1.37965 -0.433634 -0.135085 0.267844 1.21522 -0.393273 1.54754 -0.589868 -0.189194 0.387233 -0.315737 -1.094 -0.901951 -1.30776
internal_weight=1280 1094 300 794 277 217 114 94 233 125 108 92 60 40 72 103 50 517 360 236 97 139 58 186 133 94 68 67 124 90
internal_count=1280 1094 300 794 277 217 114 94 233 125 108 92 60 40 72 103 50 517 360 236 97 139 58 186 133 94 68 67 124 90
is_linear=0
shrinkage=0.1


end of trees

feature_importances:
output_cardinality=15
startup_cost=11
total_cost=9
time_cost_ratio=9
cost_per_row=8
query_template=6
estimated_rows=6
plan_width=6
time_per_loop=6
subtree_cardinality=6
cost_to_row_ratio=5
filter_selectivity=4
join_ratio=4
actual_rows=3
actual_total_time=3
loops=3
node_depth=3
num_children=3
estimated_actual_ratio=3
base_cardinality=2
input_cardinality=2
actual_startup_time=1
node_type=1
parallel_awareness=1

parameters:
[boosting: gbdt]
[objective: regression]
[metric: l2]
[tree_learner: serial]
[device_type: cpu]
[data_sample_strategy: bagging]
[data: ]
[valid: ]
[num_iterations: 200]
[learning_rate: 0.1]
[num_leaves: 31]
[num_threads: 0]
[seed: 0]
[deterministic: 0]
[force_col_wise: 0]
[force_row_wise: 0]
[histogram_pool_size: -1]
[max_depth: 7]
[min_data_in_leaf: 20]
[min_sum_hessian_in_leaf: 0.001]
[bagging_fraction: 1]
[pos_bagging_fraction: 1]
[neg_bagging_fraction: 1]
[bagging_freq: 0]
[bagging_seed: 3]
[bagging_by_query: 0]
[feature_fraction: 1]
[feature_fraction_bynode: 1]
[feature_fraction_seed: 2]
[extra_trees: 0]
[extra_seed: 6]
[early_stopping_round: 0]
[early_stopping_min_delta: 0]
[first_metric_only: 0]
[max_delta_step: 0]
[lambda_l1: 0]
[lambda_l2: 0]
[linear_lambda: 0]
[min_gain_to_split: 0]
[drop_rate: 0.1]
[max_drop: 50]
[skip_drop: 0.5]
[xgboost_dart_mode: 0]
[uniform_drop: 0]
[drop_seed: 4]
[top_rate: 0.2]
[other_rate: 0.1]
[min_data_per_group: 100]
[max_cat_threshold: 32]
[cat_l2: 10]
[cat_smooth: 10]
[max_cat_to_onehot: 4]
[top_k: 20]
[monotone_constraints: ]
[monotone_constraints_method: basic]
[monotone_penalty: 0]
[feature_contri: ]
[forcedsplits_filename: ]
[refit_decay_rate: 0.9]
[cegb_tradeoff: 1]
[cegb_penalty_split: 0]
[cegb_penalty_feature_lazy: ]
[cegb_penalty_feature_coupled: ]
[path_smooth: 0]
[interaction_constraints: ]
[verbosity: -1]
[saved_feature_importance_type: 0]
[use_quantized_grad: 0]
[num_grad_quant_bins: 4]
[quant_train_renew_leaf: 0]
[stochastic_rounding: 1]
[linear_tree: 0]
[max_bin: 255]
[max_bin_by_feature: ]
[min_data_in_bin: 3]
[bin_construct_sample_cnt: 200000]
[data_random_seed: 1]
[is_enable_sparse: 1]
[enable_bundle: 1]
[use_missing: 1]
[zero_as_missing: 0]
[feature_pre_filter: 1]
[pre_partition: 0]
[two_round: 0]
[header: 0]
[label_column: ]
[weight_column: ]
[group_column: ]
[ignore_column: ]
[categorical_feature: ]
[forcedbins_filename: ]
[precise_float_parser: 0]
[parser_config_file: ]
[objective_seed: 5]
[num_class: 1]
[is_unbalance: 0]
[scale_pos_weight: 1]
[sigmoid: 1]
[boost_from_average: 1]
[reg_sqrt: 0]
[alpha: 0.9]
[fair_c: 1]
[poisson_max_delta_step: 0.7]
[tweedie_variance_power: 1.5]
[lambdarank_truncation_level: 30]
[lambdarank_norm: 1]
[label_gain: ]
[lambdarank_position_bias_regularization: 0]
[eval_at: ]
[multi_error_top_k: 1]
[auc_mu_weights: ]
[num_machines: 1]
[local_listen_port: 12400]
[time_out: 120]
[machine_list_filename: ]
[machines: ]
[gpu_platform_id: -1]
[gpu_device_id: -1]
[gpu_use_dp: 0]
[num_gpu: 1]

end of parameters

pandas_categorical:[]
